id=2022_04_04_AFITB10JJM_Am241
time.start=2022/04/04 08:35:27.933-0400
time.stop=2022/04/04 08:45:27.958-0400
time.real=00:10:00
board.2-11-1780.readout.rate=76.589 kb/s
board.2-11-1780.0.rejections.singles=0.0
board.2-11-1780.0.rejections.pileup=1.02803
board.2-11-1780.0.rejections.saturation=0.0
board.2-11-1780.0.rejections.energy=0.0
board.2-11-1780.0.rejections.psd=0.0
board.2-11-1780.0.rejections.timedistribution=0.0
board.2-11-1780.0.throughput=447.636
board.2-11-1780.0.icr=782.328
board.2-11-1780.0.ocr=453.36
board.2-11-1780.0.calibration.energy.c0=0.0
board.2-11-1780.0.calibration.energy.c1=1.0
board.2-11-1780.0.calibration.energy.c2=0.0
board.2-11-1780.0.calibration.energy.uom=keV
board.2-11-1780.2.rejections.singles=0.0
board.2-11-1780.2.rejections.pileup=0.0
board.2-11-1780.2.rejections.saturation=8.09116
board.2-11-1780.2.rejections.energy=0.0
board.2-11-1780.2.rejections.psd=0.0
board.2-11-1780.2.rejections.timedistribution=0.0
board.2-11-1780.2.throughput=2538.11
board.2-11-1780.2.icr=2524.44
board.2-11-1780.2.ocr=2512.3
board.2-11-1780.2.calibration.energy.c0=-6.2279
board.2-11-1780.2.calibration.energy.c1=0.18843
board.2-11-1780.2.calibration.energy.c2=0.0
board.2-11-1780.2.calibration.energy.uom=keV
board.2-11-1780.3.rejections.singles=0.0
board.2-11-1780.3.rejections.pileup=0.0
board.2-11-1780.3.rejections.saturation=0.0
board.2-11-1780.3.rejections.energy=0.0
board.2-11-1780.3.rejections.psd=0.0
board.2-11-1780.3.rejections.timedistribution=0.0
board.2-11-1780.3.throughput=0.0
board.2-11-1780.3.icr=0.0
board.2-11-1780.3.ocr=0.0
board.2-11-1780.3.calibration.energy.c0=0.0
board.2-11-1780.3.calibration.energy.c1=1.0
board.2-11-1780.3.calibration.energy.c2=0.0
board.2-11-1780.3.calibration.energy.uom=keV
board.2-11-1780.4.rejections.singles=0.0
board.2-11-1780.4.rejections.pileup=0.0
board.2-11-1780.4.rejections.saturation=10.0936
board.2-11-1780.4.rejections.energy=0.0
board.2-11-1780.4.rejections.psd=0.0
board.2-11-1780.4.rejections.timedistribution=0.0
board.2-11-1780.4.throughput=3186.0
board.2-11-1780.4.icr=3198.66
board.2-11-1780.4.ocr=3185.54
board.2-11-1780.4.calibration.energy.c0=-15.103
board.2-11-1780.4.calibration.energy.c1=0.18067
board.2-11-1780.4.calibration.energy.c2=0.0
board.2-11-1780.4.calibration.energy.uom=keV
board.2-11-1780.5.rejections.singles=0.0
board.2-11-1780.5.rejections.pileup=0.0
board.2-11-1780.5.rejections.saturation=0.0
board.2-11-1780.5.rejections.energy=0.0
board.2-11-1780.5.rejections.psd=0.0
board.2-11-1780.5.rejections.timedistribution=0.0
board.2-11-1780.5.throughput=0.0
board.2-11-1780.5.icr=0.0
board.2-11-1780.5.ocr=0.0
board.2-11-1780.5.calibration.energy.c0=0.0
board.2-11-1780.5.calibration.energy.c1=1.0
board.2-11-1780.5.calibration.energy.c2=0.0
board.2-11-1780.5.calibration.energy.uom=keV
board.2-11-1780.6.rejections.singles=0.0
board.2-11-1780.6.rejections.pileup=0.0
board.2-11-1780.6.rejections.saturation=0.0
board.2-11-1780.6.rejections.energy=0.0
board.2-11-1780.6.rejections.psd=0.0
board.2-11-1780.6.rejections.timedistribution=0.0
board.2-11-1780.6.throughput=0.0
board.2-11-1780.6.icr=0.0
board.2-11-1780.6.ocr=0.0
board.2-11-1780.6.calibration.energy.c0=0.0
board.2-11-1780.6.calibration.energy.c1=1.0
board.2-11-1780.6.calibration.energy.c2=0.0
board.2-11-1780.6.calibration.energy.uom=keV
board.2-11-1780.7.rejections.singles=0.0
board.2-11-1780.7.rejections.pileup=0.0
board.2-11-1780.7.rejections.saturation=0.0
board.2-11-1780.7.rejections.energy=0.0
board.2-11-1780.7.rejections.psd=0.0
board.2-11-1780.7.rejections.timedistribution=0.0
board.2-11-1780.7.throughput=0.0
board.2-11-1780.7.icr=0.0
board.2-11-1780.7.ocr=0.0
board.2-11-1780.7.calibration.energy.c0=0.0
board.2-11-1780.7.calibration.energy.c1=1.0
board.2-11-1780.7.calibration.energy.c2=0.0
board.2-11-1780.7.calibration.energy.uom=keV
